0.0808 1.5624 0
1.1691 2.8934 0
1.3722 3.0299 0
1.4074 3.2031 0
1.4851 3.2130 0
2.0147 3.4942 0
2.7716 4.6732 0
2.9748 4.7810 0
2.4017 4.8394 0
2.1088 5.6198 0
3.1549 6.0687 0
2.2801 6.2362 1
4.2143 6.7942 0
3.0420 7.0309 1
4.7518 7.2418 0
6.5855 8.2363 0
5.1362 8.4283 0
6.6940 8.5054 0
2.5662 8.5223 1
7.6051 9.0110 0
8.2534 9.8344 0
7.3906 10.0289 0
7.8461 10.0338 0
6.8859 10.3456 1
8.8244 10.4599 0
9.2226 11.1308 0
10.8237 12.3928 0
9.8210 13.0502 1
12.1395 13.6315 0
11.9511 13.6416 0
12.9837 14.4367 0
12.4108 14.9451 0
14.4830 16.4178 0
14.4128 16.5279 0
15.9250 17.4507 0
11.7421 17.6690 1
15.9400 18.0496 0
16.1552 18.1360 0
18.4517 21.0559 0
18.2096 21.6354 1
20.0567 21.8303 0
20.9172 22.3961 0
19.4478 22.9770 1
21.7871 24.2036 0
23.5099 25.0634 0
23.7704 25.1733 0
24.1655 25.7039 0
22.7828 26.0099 1
25.8706 27.3161 0
26.3323 27.8791 0
27.1411 28.7691 0
26.9821 28.7695 0
27.4326 29.2200 0
27.3023 29.3708 0
28.2615 30.3452 0
28.7341 31.0537 0
30.5497 32.2649 0
30.7403 32.5577 0
29.5171 32.8725 1
30.7051 33.0346 0
30.7125 34.6478 1
28.6807 34.8361 1
34.1974 35.6596 0
33.9475 36.2811 0
34.0509 36.8757 0
35.6995 37.4865 0
31.7245 37.8079 1
34.7484 38.0402 1
28.8351 38.4454 r0
38.4000 40.9012 0
40.3154 41.9068 0
41.0853 42.5081 0
41.3416 43.0464 0
39.4139 43.3505 1
42.0657 43.5245 0
42.1909 43.6208 0
42.3674 43.8415 0
42.5342 44.2469 0
43.3931 45.3291 0
42.7689 45.3401 0
43.9063 46.1172 0
42.6220 46.3896 0
44.5932 46.4977 0
43.1566 46.6134 1
46.2816 47.6961 0
47.1526 48.7033 0
48.6193 50.1176 0
48.4079 51.5590 0
49.9054 51.7521 0
51.5708 52.9798 0
52.2423 53.8445 0
53.3595 55.2929 0
51.9285 56.3458 1
54.7978 56.6644 0
55.4976 56.9331 0
55.6413 57.7904 0
58.1363 59.7849 0
58.4830 59.9915 0
59.1548 60.7212 0
59.1554 60.8348 0
57.4545 60.8895 0
59.7463 61.9965 0
60.7323 62.1416 0
61.2336 62.8551 0
60.5853 63.0984 0
60.7625 63.6191 0
62.5358 64.7157 0
63.9386 66.0229 0
65.0510 66.8108 0
65.1686 66.8524 0
64.9544 66.9169 0
68.8470 70.2865 0
68.9231 70.6391 0
68.8521 70.6450 0
68.1485 71.4126 0
70.3363 71.8922 0
71.6592 73.1826 0
69.6152 74.0254 1
73.1296 74.8825 0
74.6407 76.0640 0
74.0032 76.0776 0
71.3417 76.5287 1
75.0882 76.6779 0
74.6107 77.1935 0
75.6852 77.2915 0
75.8788 77.6362 0
73.1778 78.1624 1
74.2130 78.4121 1
77.7293 79.2926 0
77.9961 79.5686 0
78.0453 79.5947 0
78.3607 79.9190 0
78.9793 80.4907 0
79.0864 81.3050 0
78.4499 82.0961 1
81.2025 82.8248 0
81.5592 83.0067 0
80.3197 83.4258 0
82.0367 83.4758 0
78.8571 83.7728 1
80.1034 84.2445 1
81.6193 84.4520 0
82.4902 84.9584 0
82.5909 85.1672 0
83.7888 85.2264 0
82.5778 85.5702 0
84.6312 86.0410 0
84.9009 86.4917 0
87.0554 88.6019 0
88.4424 90.2826 0
88.0240 91.4760 1
90.3951 93.6915 0
92.3794 93.7862 0
94.7221 96.3706 0
95.4305 97.0614 0
95.5293 97.2457 0
96.8532 98.6281 0
96.9956 98.9358 0
94.8977 99.8808 1
96.9978 100.4460 0
99.6308 101.2058 0
101.2400 102.7786 0
100.6930 102.9650 0
102.5023 104.0270 0
103.3149 104.9746 0
103.0585 105.6495 0
104.3499 105.9661 0
105.2836 106.8141 0
106.2539 107.8872 0
106.8206 108.4621 0
105.1859 108.5550 1
107.0739 110.6117 1
107.3147 110.6359 0
109.5647 111.3132 0
108.5563 111.4540 0
110.2630 111.7446 0
108.9330 112.2413 1
109.5685 112.8967 1
111.3593 113.0160 0
112.7181 114.3318 0
110.3780 114.8405 1
111.6096 114.8787 0
114.4185 115.8405 0
114.4823 116.0090 0
115.1172 116.5682 0
112.4046 116.6044 1
115.8016 117.2937 0
113.3266 117.5131 1
112.0259 119.2275 r0
116.6980 120.2062 1
118.7879 121.0404 0
120.5933 122.0973 0
118.3089 122.3671 1
120.6601 122.5064 0
121.2529 123.6718 0
121.3182 124.5331 0
123.0737 124.7566 0
123.3184 124.7679 0
122.2547 126.6169 1
125.5727 126.9855 0
126.1770 127.8654 0
127.2941 128.7192 0
128.1691 129.9684 0
129.3666 130.9298 0
128.8520 131.0826 0
129.6576 131.2695 0
130.9635 132.6831 0
132.0001 133.5961 0
130.2348 134.0945 1
132.8802 134.5000 0
133.9500 135.3743 0
132.8803 135.6108 0
134.3790 135.8378 0
133.7668 136.2363 0
135.0161 136.7625 0
135.3497 136.9101 0
136.0129 137.5246 0
135.5957 138.9069 0
137.4940 139.1622 0
137.9546 139.4980 0
140.6685 142.1823 0
140.4680 142.3445 0
141.2069 142.6731 0
140.5170 143.9446 1
143.5373 145.1719 0
142.9982 146.0006 0
144.3706 146.1816 0
142.7553 146.1999 1
144.5625 146.2328 0
144.5153 146.6282 0
144.9936 146.7446 0
146.2707 147.7292 0
145.0587 148.1996 0
146.0655 148.3153 0
147.1338 149.0369 0
148.8355 150.2472 0
142.8589 150.5861 1
149.1514 151.0842 0
148.2162 151.5485 1
150.2947 151.7413 0
150.7047 152.3064 0
150.2106 154.1464 1
153.0515 154.7355 0
153.2403 154.8815 0
154.1374 155.8154 0
154.2325 156.2672 0
152.6179 157.6153 1
155.9474 157.7372 0
151.8343 158.3510 1
157.1768 159.2239 0
158.0000 159.5531 0
158.5070 159.9754 0
158.1052 160.5808 0
159.3137 160.8304 0
158.7094 160.9671 0
154.9571 162.0585 1
160.6011 162.1225 0
155.5503 162.4214 1
162.1998 163.6052 0
162.6274 164.1020 0
162.2885 164.1255 0
163.8144 165.3227 0
163.9518 165.3944 0
160.1739 165.7209 1
152.1394 166.5133 1
165.2250 166.6474 0
166.0571 167.7628 0
167.3175 168.9340 0
167.5128 168.9532 0
167.9602 169.6025 0
168.0137 170.0044 0
171.2570 172.7458 0
170.0671 173.4690 1
172.2726 173.7601 0
170.9155 174.0100 0
173.5563 175.0528 0
173.4799 175.1422 0
172.1134 175.5898 0
174.4441 176.3830 0
175.6085 177.6217 0
176.3961 178.1839 0
176.4073 178.2670 0
176.7213 178.8283 0
176.8696 179.5794 0
177.1581 179.6888 0
176.6150 179.9771 1
179.6259 181.0923 0
174.7719 181.9845 r0
167.4248 182.7142 1
180.2629 183.5397 1
180.6608 185.1874 1
183.7067 185.3446 0
184.4475 186.4769 0
182.2108 186.9246 1
183.9460 186.9649 0
185.0265 187.9601 0
186.3438 188.5938 0
186.4293 188.7903 0
188.0983 189.8380 0
188.6951 190.1854 0
186.7485 190.2149 1
188.7783 192.0701 1
190.3783 193.6410 0
194.7929 196.7512 0
195.1427 196.7909 0
194.8594 196.9527 0
196.0892 197.5428 0
195.7385 199.9679 1
193.3669 200.4390 r0
199.6422 201.3575 0
200.9682 202.4054 0
201.4622 203.1559 0
203.5628 206.1605 0
202.8386 206.2659 1
202.7738 206.6213 1
208.8945 210.7421 0
208.8565 210.9751 0
208.8222 211.5067 0
210.3395 212.1689 0
210.6704 212.3774 0
211.6008 213.0842 0
212.9777 214.8789 0
212.7333 216.0481 1
213.9255 216.1804 0
214.8631 216.9940 0
213.8636 217.1130 1
216.0182 217.5448 0
216.3160 217.7623 0
216.4715 217.9956 0
216.8541 218.5654 0
218.2002 219.7825 0
217.2304 219.8333 0
218.2306 221.4685 1
220.1306 221.6795 0
220.7271 222.4899 0
221.3202 222.7988 0
221.6709 223.1145 0
221.9007 223.5650 0
224.9882 226.5168 0
225.8152 227.2769 0
225.8137 227.4464 0
224.6371 227.6525 0
227.0859 228.6689 0
227.6715 229.0800 0
226.0047 229.2239 1
228.1473 230.1975 0
228.7377 230.5733 0
229.2052 230.6058 0
229.2521 231.7095 0
229.6956 231.8921 0
230.2028 232.0385 0
230.6102 232.8153 0
223.8809 232.9266 1
230.6240 233.4643 0
230.6944 233.6824 0
232.7800 234.3032 0
228.5614 235.8402 r0
232.7186 236.1567 1
231.8070 236.3588 1
234.9268 236.4049 0
235.2229 236.7613 0
236.7753 238.3025 0
236.8298 238.5285 0
236.5327 238.9949 0
237.3014 239.2574 0
238.3777 240.2155 0
239.2110 240.6801 0
238.8546 240.9467 0
241.4648 243.1094 0
243.0343 244.5824 0
243.6459 245.1064 0
243.6054 245.3294 0
244.7392 246.4166 0
246.3640 247.9041 0
246.0532 248.2882 0
246.7688 248.3854 0
247.3505 248.8354 0
247.5553 249.1400 0
244.0041 249.3179 1
247.6155 250.3370 0
248.9485 250.4873 0
246.2004 250.9365 1
247.4098 251.9925 1
250.4867 253.6640 0
252.9151 254.3803 0
253.2719 255.0141 0
253.3927 255.2255 0
253.7364 255.2547 0
254.6909 256.3807 0
254.1181 257.3131 0
253.4572 257.7766 1
256.5344 258.0997 0
256.7187 259.2023 0
257.5739 259.2369 0
256.2985 260.5720 1
256.2772 260.9398 1
259.8229 261.2516 0
259.3800 261.3554 0
259.6161 261.7514 0
258.0445 261.7996 1
261.0901 262.6407 0
261.4761 263.6280 0
260.7678 264.0260 1
263.5358 265.3184 0
265.6922 267.2217 0
266.1281 267.6018 0
266.7618 268.2116 0
265.3189 269.0919 1
266.6128 270.0658 1
268.5020 270.3360 0
270.0779 271.5367 0
270.3016 272.1049 0
271.0200 272.6363 0
271.3768 272.7987 0
271.5475 273.0996 0
271.2086 274.5229 1
273.1694 275.2319 0
273.9187 275.3377 0
273.6077 275.4971 0
274.7501 276.6777 0
275.0540 277.3393 0
276.9104 278.4968 0
276.8162 278.5972 0
277.2556 278.6835 0
276.3689 279.7889 1
278.6686 280.3029 0
278.0267 280.9177 0
279.6532 281.1751 0
279.6166 281.1871 0
279.6433 281.2631 0
279.7993 281.7874 0
280.7355 282.3386 0
281.0824 283.1897 0
281.8264 283.2631 0
281.5359 283.2704 0
280.9342 283.6380 0
282.5580 284.8172 0
282.2369 285.5792 0
281.4679 285.5886 1
284.3572 285.9054 0
285.2484 286.7280 0
288.5420 292.4793 1
290.8021 292.5089 0
292.1159 293.7384 0
289.5679 294.3937 1
292.8542 294.7249 0
295.0857 298.5978 1
297.0396 298.6353 0
293.3682 299.0574 1
297.5218 299.5139 0
295.4671 300.2530 1
299.0969 301.4879 0
302.4465 304.3717 0
302.9158 304.4411 0
304.0770 305.5420 0
302.3604 305.6982 1
305.1560 306.7952 0
305.1197 307.3258 0
305.7228 307.8679 0
306.3362 308.7235 0
307.3955 308.8089 0
302.2475 309.2735 1
308.0093 309.5780 0
309.8032 311.2170 0
310.7719 312.3169 0
311.4415 313.2403 0
311.9474 313.7511 0
312.7557 314.4828 0
313.3029 314.7931 0
314.7900 316.3700 0
314.9951 316.4191 0
314.7851 316.4898 0
314.8540 316.5238 0
312.9812 317.5770 1
317.5135 319.0671 0
318.1827 320.7105 0
319.9168 321.6258 0
317.8045 321.9969 1
319.3839 322.8438 1
321.6096 323.1283 0
321.9744 323.3825 0
323.1935 324.7841 0
323.1471 325.9789 0
323.1785 326.0096 0
324.8629 326.8417 0
323.0162 327.1902 1
325.9427 327.4017 0
320.4313 327.9658 r0
327.3408 328.8421 0
328.0028 329.6246 0
328.2261 329.6928 0
328.7658 330.1669 0
328.6552 330.1733 0
327.0841 330.7372 1
329.3942 330.9893 0
329.9624 331.5717 0
329.8822 332.0469 0
329.7665 332.2064 0
331.7624 333.2086 0
331.8229 333.2356 0
335.7781 337.1787 0
335.8285 337.5040 0
335.8712 337.7408 0
334.3004 337.7483 0
336.3648 337.7935 0
336.3740 338.8960 0
336.6822 339.1788 0
337.5867 339.4244 0
337.2701 339.4817 0
337.0933 339.7173 0
337.6581 340.5175 0
339.5001 341.0826 0
339.8805 341.3532 0
341.3703 342.8092 0
342.3042 343.7146 0
338.4054 344.8809 1
343.6247 345.0336 0
344.4519 345.8649 0
344.8773 346.5078 0
343.2789 346.5213 1
345.6281 347.0596 0
345.7336 347.5550 0
345.5442 347.8896 0
346.0229 348.1403 0
346.3162 348.2475 0
344.2231 348.6170 1
346.6017 348.9466 0
347.8749 349.4852 0
343.3395 349.6346 1
347.8315 349.8226 0
348.5856 350.0142 0
348.8360 350.8249 0
348.1089 351.1269 0
351.4789 352.9762 0
349.7193 353.3124 1
351.2202 354.7624 1
353.2603 354.7951 0
352.5566 356.5286 1
355.4323 356.8391 0
355.8753 357.9246 0
355.2489 358.5746 0
356.8185 359.0637 0
352.0636 359.2356 r0
357.8124 359.3200 0
358.6113 360.1485 0
358.9739 360.5965 0
359.4970 361.0422 0
358.7802 361.8646 0
357.2222 362.1187 1
361.9233 363.5798 0
361.9172 363.6126 0
362.1226 363.6791 0
361.9179 363.7370 0
365.2023 366.6969 0
366.3108 368.0520 0
363.8355 368.1801 1
367.2358 369.3898 0
368.7035 370.1276 0
366.8416 371.1154 1
366.9033 371.2665 1
369.3258 371.3250 0
368.6334 371.6101 0
369.6209 371.9251 0
371.4530 372.9357 0
373.3735 374.9135 0
370.0059 375.0201 1
374.3979 375.8278 0
374.5140 376.0284 0
374.6213 376.1094 0
375.4295 376.9231 0
375.8116 377.6943 0
376.1553 378.0026 0
371.3822 378.8555 r0
379.0523 380.6501 0
379.4755 381.6341 0
375.9953 383.1387 1
382.7582 384.6929 0
383.3434 384.8556 0
383.2884 384.8926 0
382.7659 386.1333 1
383.5274 386.3514 0
383.3226 386.4681 0
384.9188 388.7237 1
387.7948 389.2117 0
387.5432 389.2242 0
382.2650 389.2962 r0
388.5935 390.0348 0
390.2190 391.7910 0
388.3741 391.8732 1
388.6187 392.7634 1
392.0523 394.0447 0
392.4458 394.0893 0
393.2440 394.8451 0
394.0763 395.5304 0
395.4648 397.1119 0
396.0408 397.5717 0
395.6294 397.5987 0
395.5379 398.7677 1
397.6891 399.4814 0
397.9904 399.6335 0
398.0622 399.7374 0
398.1431 400.3500 0
398.8791 401.3270 0
398.0395 401.5317 1
399.1623 401.5329 0
398.3533 401.8485 0
399.5901 402.4676 0
398.7365 402.5662 1
400.5201 402.9713 0
400.2360 403.0435 0
402.0837 403.4910 0
402.2624 404.5859 0
404.1533 405.6075 0
404.0230 405.9622 0
399.1929 406.7678 r0
405.5613 406.9906 0
402.4782 407.5771 1
406.2102 408.1057 0
408.3188 409.7871 0
408.2234 410.3367 0
408.1270 410.3426 0
408.7747 410.6021 0
404.6956 410.6092 1
409.3008 411.7679 0
409.9351 412.1879 0
410.4810 412.3699 0
411.3665 412.7872 0
412.0719 413.5862 0
412.2066 413.9342 0
407.1792 414.2032 r0
412.7827 414.3613 0
413.6249 415.2425 0
415.6215 417.1603 0
416.2711 417.6927 0
415.5882 418.8178 0
417.8175 419.2452 0
418.7833 420.8353 0
419.7190 421.2181 0
419.9314 421.6907 0
420.3525 421.8214 0
420.4696 422.5097 0
422.3573 423.9987 0
420.0835 424.0088 1
422.2901 426.0869 1
424.6362 426.1160 0
424.2635 426.1246 0
424.9934 427.4813 0
426.4165 427.8996 0
425.8961 427.9868 0
426.7712 428.1779 0
429.0508 431.2786 0
429.9316 431.5693 0
431.7608 433.3568 0
431.9866 433.3904 0
432.1184 433.7224 0
433.1889 434.8088 0
432.0628 435.7883 1
434.1723 436.1142 0
434.9543 437.1555 0
433.9555 437.3981 0
435.6473 438.0169 0
436.5182 438.1869 0
436.3899 438.5584 0
436.7331 439.3173 0
439.7960 441.7469 0
441.2997 442.7030 0
439.4097 442.9662 1
442.0167 443.5248 0
441.9386 444.2202 0
443.9800 445.4075 0
443.8308 445.4638 0
445.2901 447.2154 0
444.4798 447.2717 0
446.6889 448.3281 0
446.9184 448.8680 0
447.1929 449.1854 0
444.6849 449.2511 1
444.4823 451.5249 r0
450.3936 452.5627 0
451.8172 453.3385 0
452.3977 454.5787 0
453.0861 455.2726 0
453.0892 456.0102 0
454.6277 457.7417 0
456.3347 457.8198 0
456.6219 458.2563 0
457.0665 458.9690 0
458.7991 460.3789 0
453.5590 460.7225 r0
455.0783 461.3308 1
460.3655 462.3249 0
448.6997 462.3649 1
460.8508 462.4873 0
461.3508 462.8628 0
462.2510 464.2408 0
462.6711 464.4473 0
462.5874 464.7570 0
463.4703 465.0865 0
464.2821 465.7627 0
463.5258 465.8404 0
464.5246 466.5672 0
466.0201 467.4501 0
465.4820 468.7990 1
470.6799 472.1512 0
470.6367 474.0440 0
474.3205 475.7442 0
474.9122 476.3632 0
476.4220 477.9552 0
476.2204 477.9671 0
474.6720 477.9759 1
476.3674 478.0451 0
477.4252 478.8978 0
478.4359 480.0795 0
479.2101 480.8035 0
479.8499 481.5510 0
479.8294 481.6776 0
477.9697 484.3152 1
482.8168 484.5246 0
483.4272 485.7893 0
483.6329 486.9709 0
485.6510 487.2568 0
486.6856 488.1063 0
486.8795 488.7480 0
488.6658 490.1011 0
489.9088 491.3641 0
489.9361 491.6081 0
490.5301 492.2212 0
492.9442 494.5349 0
489.9416 494.7855 1
492.9950 495.3542 0
493.1958 496.4345 1
494.6489 496.6769 0
494.1213 496.9515 0
494.8210 497.3141 0
495.3585 497.6806 0
496.2481 498.2226 0
496.8727 498.3168 0
491.0337 498.4203 1
497.5423 499.1523 0
497.3740 499.2078 0
499.2251 500.7459 0
495.4684 501.2727 1
