0.1430 1.4483 0
2.0403 3.6628 0
2.4061 3.9415 0
3.6058 5.2441 0
2.4668 5.3781 0
2.6096 5.9662 1
5.3158 6.7961 0
4.2973 6.9775 0
4.0717 7.4625 1
3.7658 8.9521 1
5.6427 9.4284 0
7.4577 9.5841 0
4.9401 10.3818 1
4.5747 10.8714 1
8.3900 11.9432 0
5.4400 12.3681 1
11.5718 13.4695 0
11.7633 14.4200 0
13.3703 14.6770 0
12.0936 15.0979 1
14.4854 15.8849 0
9.1105 15.9009 r0
13.7823 16.1378 0
15.4512 17.3912 0
12.9919 17.9963 1
16.1938 18.0543 0
17.2619 20.0850 1
19.0132 22.1005 1
21.4352 22.7539 0
22.9183 24.1865 0
21.1049 24.3981 1
21.9413 24.5328 0
20.7206 25.6040 1
25.5077 27.4022 0
25.3799 27.4991 0
28.1249 29.4876 0
28.1515 30.2640 0
28.5370 31.4405 0
32.0772 35.0550 1
32.5204 35.1824 0
35.4031 37.0900 0
34.2963 37.3550 1
36.8670 38.1689 0
38.3694 40.8367 0
41.2764 42.6754 0
40.0505 42.8720 1
41.7171 42.9208 0
42.3993 44.0545 0
45.2799 46.5384 0
46.0822 47.4724 0
47.2030 48.9078 0
47.4729 48.9693 0
48.0030 50.6740 0
47.7714 50.9698 0
49.5005 52.7549 0
50.3084 53.2898 0
51.7170 54.6394 1
53.5313 55.1417 0
50.2090 55.2620 1
53.8096 57.1842 1
53.7960 57.5127 0
53.8610 57.5986 0
50.4959 59.3384 r0
55.6787 59.8185 1
59.5423 61.9179 0
59.7302 62.5972 0
59.9881 63.1979 0
60.9932 63.7964 1
62.6744 64.3784 0
67.6365 70.1940 0
71.0457 72.4941 0
69.4510 72.8266 1
72.4150 73.6443 0
72.8851 74.4819 0
74.1302 75.4060 0
74.3478 75.7202 0
74.6772 76.7016 0
74.9772 77.3275 0
75.4038 79.0687 0
76.0966 79.0987 1
76.5120 79.8357 1
78.6488 80.9245 0
77.4508 81.6461 1
81.5992 82.8177 0
75.1416 83.0501 r0
83.1014 84.4966 0
85.7157 88.6828 1
87.9253 89.7069 0
85.3385 91.5612 r0
90.8234 92.0349 0
91.9925 93.4551 0
91.4513 95.1969 1
93.9059 97.6142 1
96.6086 98.4158 0
97.8082 99.0538 0
98.0540 100.5761 0
102.4408 103.9640 0
103.0808 105.3044 0
104.3129 105.7746 0
105.3254 107.5605 0
104.3139 107.5884 1
101.2589 107.6615 r0
107.1031 108.7724 0
106.8333 109.4030 0
108.0375 110.8909 0
107.1561 111.6035 0
110.3704 113.0883 0
114.7118 116.3805 0
114.5464 116.4760 0
112.7889 116.7598 1
114.9139 117.9499 0
121.6247 122.8756 0
121.6342 124.5875 0
121.7546 125.0300 0
124.2410 125.9896 0
120.3185 126.6172 r0
122.9352 126.6752 1
126.6056 127.9654 0
126.0561 130.3858 1
129.0846 130.7444 0
130.6328 132.7022 0
131.7822 133.0122 0
129.1738 133.3509 1
132.5443 134.1484 0
131.0070 134.5852 1
133.6119 135.0799 0
133.9609 135.5719 0
131.7307 136.6240 1
137.1935 138.6052 0
137.6783 139.1021 0
137.7671 139.9988 0
138.3463 140.5072 0
139.4664 141.3429 0
138.5104 141.6605 1
139.6632 142.4996 0
139.2448 143.3697 1
141.7882 144.8788 0
141.4203 144.9538 1
143.9269 145.1881 0
144.7763 146.1291 0
143.2956 146.4729 1
145.6012 147.7428 0
145.7555 148.7504 0
145.7783 149.3876 0
144.0336 149.4492 1
149.3149 150.5274 0
147.8342 150.6980 1
149.7696 151.1423 0
153.6596 155.0494 0
156.1472 157.9201 0
155.4323 158.4306 1
162.8698 164.0787 0
159.4484 165.7678 r0
166.8245 168.3476 0
168.2696 169.8817 0
168.1003 171.2923 1
167.1270 171.3029 1
170.6257 172.3142 0
170.8789 172.7803 0
175.4403 176.8674 0
170.8829 178.7243 r0
177.3959 179.7014 0
178.3453 179.7247 0
180.5591 181.9203 0
182.0292 183.5672 0
181.5931 184.2419 0
183.8742 185.3553 0
185.5500 186.9191 0
185.3818 188.3150 1
188.2977 189.8117 0
187.2990 190.4950 1
188.7624 191.8278 1
191.2839 194.2128 0
193.0244 194.6784 0
191.9580 194.8434 1
189.1812 195.5162 r0
194.2614 195.5668 0
193.0309 195.9319 1
196.2561 197.7901 0
194.4557 198.4442 1
198.6203 201.2893 0
198.0706 201.6494 1
196.7115 203.0135 r0
199.7138 203.2823 1
197.4255 205.0897 r0
