0.0597 2.0921 0
0.8337 3.2516 0
0.9907 3.3047 0
1.0781 3.5014 0
1.0149 3.5424 0
1.5332 3.5622 0
2.0873 5.5154 0
1.7254 5.7060 0
2.2549 5.7141 0
2.3102 5.8483 1
1.8265 5.8533 0
1.9334 7.0137 1
4.7807 8.0171 0
4.9922 8.1039 1
3.1158 8.2883 0
4.8603 8.4048 0
1.5957 8.9851 r0
5.5283 9.9265 0
2.3969 10.3034 r0
5.9731 10.3147 0
5.6910 10.8186 0
6.3471 10.9944 0
6.6823 11.6020 0
7.1346 11.8486 0
3.4929 12.1329 r0
7.8512 12.1357 0
8.7886 12.6801 0
8.9246 12.8678 0
3.8204 13.1175 r0
9.5371 13.5882 0
8.6186 13.6764 1
5.3710 13.9102 r0
11.7135 14.7836 0
10.5213 14.8368 0
10.5770 14.8705 0
11.7246 15.8485 0
13.3053 16.2640 0
11.8889 16.3894 0
14.7325 17.3309 0
15.3053 17.3335 0
14.2507 17.4186 1
9.1531 17.6928 r0
16.5579 18.4784 0
17.0299 19.1782 0
17.2007 19.2355 0
17.4745 19.5984 0
18.5880 20.5618 0
18.9135 21.0511 0
13.5001 21.5558 r0
19.4678 21.7349 0
19.3627 21.8778 0
19.6987 22.2138 0
15.9087 22.4757 r0
19.6013 22.5257 0
20.3445 23.5074 0
21.2670 23.8948 0
22.0164 24.6176 0
20.6186 25.8519 1
22.1263 25.9471 0
22.1493 26.4555 0
24.7153 26.9358 0
22.9587 27.2462 1
20.6634 27.4597 r0
25.8561 28.3705 0
25.1550 28.7553 1
20.7475 29.3248 r0
22.1203 30.5100 r0
24.5267 30.9954 r0
28.8214 31.2620 0
29.4873 31.6960 0
30.0639 32.0010 0
24.6084 32.5386 r0
30.2712 32.6586 0
30.7675 32.7630 0
30.8558 33.1986 0
31.0047 33.2824 0
31.1332 34.0961 0
28.0501 34.7126 r0
31.6127 34.8557 0
31.3188 35.2164 0
31.7842 35.5918 0
32.1966 36.3973 0
33.8936 36.7792 0
32.6856 36.7866 0
34.4955 37.3446 0
35.6001 37.6595 0
36.4797 39.0845 0
31.2077 39.3645 r0
37.6582 39.5727 0
38.1341 40.3602 0
38.8915 41.6242 0
37.9173 41.7966 1
40.6000 42.5577 0
35.4405 42.6805 r0
40.1244 42.7588 0
40.6972 43.7309 0
42.5112 44.8106 0
42.7961 44.8721 0
43.3393 45.5082 0
43.3398 45.6878 0
44.5042 46.7873 0
43.7399 46.8559 0
44.9258 47.7650 0
45.9192 48.9939 0
42.0337 49.4500 r0
46.8875 49.8339 0
47.6609 50.2376 0
47.7414 50.3653 0
47.5955 50.3703 0
44.3851 51.4861 r0
44.5261 52.1805 r0
50.6778 52.6421 0
50.7289 53.1339 0
50.6821 53.2056 0
51.7583 53.9105 0
52.7618 54.8617 0
51.1931 55.0666 1
53.7164 56.1784 0
54.8590 56.7996 0
53.7563 56.8579 0
52.5403 57.0247 1
54.5231 57.1440 0
54.3648 57.2973 0
50.0859 57.4007 r0
55.1577 58.3845 0
55.6111 59.0322 0
55.7612 59.0363 0
57.0840 59.3081 0
57.2949 59.4761 0
57.3331 60.1800 0
57.5890 60.5404 0
57.6617 60.9243 1
58.0738 61.1130 0
54.8385 61.5883 r0
59.6044 61.8622 0
58.1607 61.8824 0
59.8683 62.1573 0
57.9777 62.2499 1
58.8668 62.5265 1
60.2259 63.0764 0
61.4756 64.4690 0
60.6587 64.6017 0
60.5853 64.8753 0
62.0875 64.9923 0
62.2627 65.8562 0
59.0107 66.5162 r0
63.9389 66.6060 0
59.9130 67.5305 r0
64.9999 67.5947 0
64.7181 67.8236 1
60.6494 68.6122 r0
67.6479 69.5591 0
69.1743 71.4736 0
69.7220 71.9934 0
69.7892 72.1948 0
69.2954 72.3962 0
70.7823 73.2783 0
66.2776 73.6128 r0
70.8888 73.6315 0
72.7275 74.9101 0
73.9788 76.1031 0
73.5945 76.7874 0
74.8907 76.9925 0
75.5261 77.8431 0
76.3058 78.5542 0
70.8905 78.8970 r0
77.0214 79.1329 0
76.9542 79.9922 1
77.7731 80.0483 0
78.1876 80.4760 0
78.3926 81.5676 1
79.6657 81.6474 0
75.3554 82.1138 r0
80.0773 82.5328 0
80.5950 82.6274 0
80.0799 83.0845 1
81.4644 83.7767 0
80.6702 84.3996 1
82.4256 84.7771 0
83.7235 85.6593 0
83.7778 85.8829 0
82.1993 85.9059 1
78.5628 85.9132 r0
84.2195 86.2026 0
84.7442 86.8265 0
79.3791 86.9305 r0
82.8935 88.0955 1
86.6687 89.1938 0
81.6629 90.0239 r0
85.4043 90.0815 1
87.0058 90.1739 0
81.9462 90.2619 r0
88.2876 90.3563 0
88.3350 90.9391 0
89.3827 92.1111 0
90.0878 92.3367 0
89.9173 92.5272 0
91.7207 93.6415 0
92.2302 94.5924 0
93.1370 95.0778 0
88.7229 95.2926 r0
88.7703 96.0534 r0
93.7324 96.2655 0
94.5983 96.7620 0
94.8004 97.0418 0
94.2474 97.3879 0
95.2545 97.6407 0
95.8572 98.2677 0
96.6445 98.8607 0
97.3810 99.6350 0
98.1429 100.0823 0
98.4871 100.4826 0
98.9083 101.3605 0
99.1921 101.7548 0
99.7333 102.5635 0
100.7539 103.0841 0
101.0603 103.3324 0
97.3811 104.2779 r0
98.0004 104.6275 r0
103.1274 105.1982 0
103.2280 105.3124 0
103.6732 105.6806 0
103.0910 105.7401 0
99.3791 107.4173 r0
105.4775 107.7549 0
104.8458 107.9451 1
106.3426 108.6763 0
106.1890 108.7398 0
106.3099 109.2952 0
106.6255 109.9339 0
107.5545 110.6712 0
106.6707 111.2176 0
107.3948 111.2341 0
109.4785 111.3975 0
108.2558 111.4281 0
109.0724 112.0804 1
105.0208 112.1514 r0
104.9179 112.1596 r0
110.4842 112.6469 0
109.7034 112.6658 0
110.7924 113.4429 0
110.4217 113.9172 1
112.3031 114.4047 0
112.6502 115.0053 0
112.7868 115.0746 0
113.4118 115.7574 0
113.4818 116.3595 0
114.7739 117.2926 0
111.7607 117.5903 1
114.0433 117.9430 1
114.5000 118.1032 1
116.2496 118.3971 0
115.6733 118.5680 0
116.6216 118.6326 0
117.1820 119.3818 0
111.9590 119.6042 r0
116.7668 119.9416 0
118.0565 120.4939 0
119.1321 121.0407 0
117.7699 121.0455 1
119.4191 121.4403 0
119.1920 121.7821 0
120.3245 122.2938 0
120.2230 122.2984 0
116.3310 122.9650 r0
121.3693 123.3057 0
122.0240 124.4130 0
123.1070 125.0728 0
122.9514 125.2002 0
123.4290 125.7185 0
123.4724 126.2877 0
125.8613 127.9055 0
125.0101 128.0748 1
126.6043 128.6462 0
127.6344 129.6908 0
127.5822 129.9032 0
128.3640 131.1046 0
129.9841 132.0061 0
129.2265 132.0738 0
129.8339 132.3494 0
129.8415 132.4656 0
125.5727 132.7725 r0
126.4936 133.9324 r0
130.3815 134.0761 0
132.0339 134.0818 0
130.0630 134.0819 0
132.5023 134.4602 0
130.1744 134.6144 0
132.7638 134.6660 0
123.0377 134.9329 1
128.6058 136.1999 r0
133.9447 136.7046 0
135.0786 137.3611 0
135.6623 138.5324 0
137.0986 140.2638 0
137.4323 140.5494 1
138.3263 140.7682 0
138.7887 140.8352 0
138.8597 141.8347 1
135.2646 142.4080 r0
136.1305 143.2062 r0
137.1707 143.8512 r0
143.2762 145.5751 0
143.0381 145.8070 0
143.9721 145.9593 0
143.0870 146.0454 0
139.9806 147.2947 r0
143.7128 147.4427 1
146.8983 149.3021 0
141.9656 149.4537 r0
147.8452 149.8056 0
148.1980 150.5681 0
149.1682 152.2535 1
149.1261 152.5509 1
153.5636 156.1696 0
149.6904 156.4558 r0
153.5356 156.5286 0
154.7945 157.3732 0
155.0331 157.4241 0
155.6996 157.7348 0
156.7143 159.3999 0
156.5336 159.5272 1
153.5115 160.3641 r0
157.4257 160.3662 1
157.4677 160.6390 0
158.9420 161.0472 0
159.1351 161.1104 0
158.1859 161.1955 0
159.2583 161.3592 0
159.5783 161.9760 0
160.4763 163.2414 0
160.4984 163.4293 1
161.7920 163.9328 0
162.5962 164.6237 0
162.1901 164.6674 0
162.8743 164.8451 0
163.0617 165.5657 0
159.8311 167.4097 r0
165.3391 167.4473 0
166.0373 168.0377 0
166.0362 168.3107 0
166.1636 169.0792 1
166.9952 169.1906 0
167.4402 169.3541 0
168.6201 170.5211 0
167.8142 170.7133 0
168.2425 170.8654 0
169.0076 171.7257 0
164.5133 171.9205 1
165.0775 172.2182 r0
169.3460 172.5268 0
169.6422 173.3305 0
169.6922 173.8184 0
169.6312 173.8207 0
171.2331 174.3134 0
170.4716 174.5743 0
171.2790 174.6263 0
172.7722 175.3571 0
168.0990 175.6810 r0
168.6542 175.8044 r0
172.9890 175.9425 0
174.2212 176.4195 0
174.2575 176.9524 0
174.5717 177.3920 0
175.3066 177.9485 0
175.8590 178.4315 0
175.6189 178.8994 0
177.5933 179.8864 0
174.0549 180.6739 r0
178.8715 181.0111 0
179.3588 181.3570 0
179.3276 181.7451 0
180.2142 182.5591 0
181.4854 183.6120 0
181.8030 184.0517 0
179.6214 184.2045 1
182.2149 184.2527 0
181.3632 184.3232 0
181.2506 184.3966 0
182.3579 184.7571 0
183.4417 186.1763 0
182.2591 186.2691 1
186.3209 188.3267 0
186.9058 188.9977 0
186.5590 189.0046 0
186.6527 189.2366 0
187.5821 190.0229 0
182.4031 190.1978 r0
186.6981 190.4998 1
188.9035 191.1719 0
188.7303 191.6465 0
188.7464 191.6681 0
184.4589 191.7167 r0
189.6946 192.3451 0
190.0015 193.3518 1
191.3531 193.5931 0
190.9991 193.7925 0
191.1995 194.2149 0
187.1622 194.4321 r0
192.3689 194.5125 0
192.1455 195.0932 1
192.6839 195.7215 0
189.0523 195.8796 r0
194.0947 196.6023 0
195.3337 197.6579 0
195.6541 197.7640 0
195.9756 197.9953 0
196.4284 198.4093 0
196.3099 199.4160 1
197.6181 200.2036 0
198.8764 200.8719 0
199.0217 201.5608 0
199.8368 201.7726 0
199.5362 201.7848 0
199.9575 202.1033 0
199.6953 202.6886 1
201.5806 203.5115 0
201.0144 203.9308 0
201.3645 204.0327 0
202.1291 204.8535 0
203.3233 205.3885 0
203.9863 205.9780 0
203.7053 206.1318 0
203.6413 206.1465 0
205.0711 207.6654 0
205.7070 207.8824 0
205.8500 208.1837 0
205.7376 208.2293 0
205.7300 208.2318 0
202.3376 208.7470 r0
206.6213 209.5992 0
207.4427 210.1890 0
207.2410 210.6174 0
207.1869 210.8302 1
206.8617 210.8857 0
208.0257 211.8655 0
204.5205 211.8940 r0
209.3367 212.3288 0
209.9311 212.6466 0
206.7618 214.5022 r0
212.2141 214.6551 0
207.7597 215.5317 r0
214.0407 216.4315 0
214.9801 217.2384 0
213.0464 217.2479 1
215.6039 218.2443 0
217.1410 220.2951 1
218.4482 220.6637 0
215.9716 220.8460 1
217.3931 221.5634 1
218.8012 221.6184 0
222.5759 224.6790 0
222.1970 224.9178 0
222.1269 225.1394 1
223.3997 225.4055 0
219.9432 226.4803 r0
224.2137 226.4985 0
224.1841 227.2930 0
224.6735 227.7020 0
225.7989 227.7208 0
222.0506 227.9476 1
226.3216 228.4941 0
227.6132 229.5356 0
228.2490 230.3838 0
228.7814 231.3137 0
225.1119 231.6448 r0
229.1426 231.6826 0
229.7688 232.1911 0
230.1498 232.1962 0
231.1144 233.3048 0
231.1105 233.4981 0
231.2574 233.6216 0
231.1580 233.6465 0
229.9171 233.9376 1
233.2306 235.3792 0
234.5842 236.6792 0
233.4239 237.1245 1
234.9702 237.3645 0
236.3105 238.4029 0
236.5984 238.5114 0
237.5641 239.7715 0
233.6833 240.3749 r0
237.4338 241.1197 1
238.9557 241.7539 0
239.7851 241.7810 0
240.5824 242.8198 0
240.7805 242.8448 0
235.3458 243.0241 r0
241.4679 243.4762 0
241.2993 243.5563 0
241.9072 243.8091 0
241.8334 243.9248 0
237.5328 244.5222 r0
237.5534 244.5420 r0
242.4326 245.0344 0
242.8319 245.4641 0
244.2844 246.2051 0
244.2406 246.2155 0
242.7730 246.5307 0
247.0117 248.9126 0
247.4118 249.3585 0
247.0515 249.3933 0
242.6888 249.4386 r0
247.0815 249.7203 0
247.4184 249.8254 0
247.6566 251.2532 0
248.3134 251.6649 0
248.0971 251.7905 0
247.9487 251.9646 0
248.3647 251.9769 0
249.7179 252.0202 0
250.0255 253.2711 0
245.9696 253.3930 r0
251.0310 253.6283 0
251.6511 253.7072 0
252.4574 254.3895 0
248.9821 254.4605 1
252.7275 254.6420 0
253.2892 255.2103 0
253.6008 255.8718 0
254.1228 256.0741 0
253.1311 256.4661 1
254.1981 256.9562 0
254.4105 257.6334 0
254.6517 257.6521 0
252.5040 257.8445 1
254.8703 258.5363 0
255.7740 258.8900 0
255.8063 259.1715 0
256.3340 259.5800 0
256.4987 260.3039 0
257.2521 260.4717 1
254.0629 260.5460 r0
258.4127 260.6923 0
258.6112 260.9477 0
259.8302 261.9483 0
259.3623 262.8868 1
261.3658 263.2767 0
256.0034 264.3813 r0
261.7234 264.6212 0
263.1274 265.2018 0
262.4281 265.5872 0
263.6733 265.7956 0
263.9338 266.6805 0
259.0397 266.7071 r0
264.3802 266.7560 0
262.7276 266.9846 1
266.0488 268.3608 0
266.0446 268.4174 0
261.2221 268.5752 r0
266.0451 268.6082 0
266.2025 268.8335 0
267.6266 270.3437 0
268.5142 270.5676 0
263.7867 270.9792 r0
269.4561 271.9002 0
269.9163 272.6453 0
270.1962 273.2366 0
271.3043 273.2434 0
269.8674 273.6326 1
271.7100 274.5375 0
273.4384 275.4726 0
272.2278 276.5771 1
274.7550 276.8816 0
275.5758 277.5244 0
275.6589 277.7442 0
275.7342 277.7772 0
271.9200 278.3530 r0
271.2447 278.3553 r0
276.3809 278.4328 0
276.7019 279.3602 0
276.9431 280.1299 0
273.3887 281.0460 r0
278.9712 281.1902 0
279.3225 282.3691 0
276.8387 284.0025 r0
282.0626 284.1446 0
282.0197 284.2490 0
281.5736 284.3084 0
281.5789 284.6155 1
282.2075 284.6843 0
283.1797 286.4917 0
285.3559 287.2835 0
285.1556 287.5058 0
285.9339 287.9011 0
285.7797 287.9039 0
285.9528 288.4652 0
281.1614 288.6289 r0
282.0481 289.2842 r0
287.2547 289.4325 0
288.8405 291.1319 0
288.5205 291.3382 0
289.3765 291.6007 0
290.0808 292.0685 0
291.1563 293.4533 0
291.5576 293.6695 0
291.2808 294.0655 0
291.2180 294.1423 1
292.9751 295.2660 0
292.7660 295.2884 0
293.0298 295.3712 0
293.0123 296.1504 1
293.0984 296.5630 0
293.6242 296.6683 0
293.5210 296.9314 1
293.8586 297.9490 0
294.1443 298.3626 0
294.7679 298.6306 0
295.7926 298.7813 0
294.5815 298.9689 0
297.2626 300.4765 0
296.0861 300.5017 1
298.2857 300.5782 0
295.9333 300.9417 0
297.1636 301.1038 0
293.2510 301.1182 r0
298.7883 301.4654 0
297.6573 302.7049 1
293.8786 302.7555 r0
300.3337 302.9526 0
300.2558 303.5639 0
300.1893 303.5975 0
300.6492 303.6796 0
301.0595 304.2667 0
301.5718 305.2814 0
302.5511 305.4976 0
301.9259 305.6200 0
303.0963 305.6828 0
303.2051 306.1025 0
303.6318 306.4552 0
299.4699 306.9336 r0
304.3128 307.5317 0
305.7131 307.8377 0
306.2053 308.1404 0
307.2907 309.2358 0
308.7984 310.8592 0
308.0483 310.9500 0
309.2322 311.2442 0
308.9436 311.4158 0
309.0484 311.4812 0
309.3270 312.2121 0
305.6869 312.9796 r0
310.9284 313.2166 0
310.8805 314.2644 1
312.5008 314.5305 0
312.2385 314.8646 0
313.9115 315.9464 0
314.1432 316.0540 0
313.5023 316.4574 0
316.4621 318.7443 0
315.7808 318.9174 0
312.7489 319.3968 r0
317.8457 319.7519 0
317.6593 319.8756 0
317.9355 320.1642 0
318.7597 321.0138 0
317.8981 321.2246 1
319.5277 322.2729 0
320.0492 323.1516 0
321.1638 323.4949 0
321.0732 324.1327 0
321.3321 325.3236 0
323.7334 326.4916 0
323.4607 326.6507 1
324.7896 326.6950 0
319.3652 326.7857 r0
320.5126 327.0246 r0
325.3813 327.4564 0
326.8129 328.7577 0
326.6897 328.9645 0
327.7735 330.4945 0
328.7468 331.0314 0
327.3743 331.3714 1
328.9306 331.6870 0
325.3220 331.7268 r0
329.1413 331.9270 0
327.2342 334.1881 r0
331.5373 334.5978 0
332.5366 334.6329 0
327.2363 335.6446 r0
332.9279 336.0038 0
333.4632 336.5464 0
335.7205 337.7587 0
335.9409 338.2808 0
336.2316 339.2339 0
337.4071 339.5973 0
334.8856 340.1935 1
333.4656 340.5312 r0
330.1411 340.8899 1
339.0278 341.3082 0
333.8237 341.3554 r0
338.6523 341.4228 0
339.3652 341.4468 0
340.3744 342.8723 0
340.0916 342.9057 0
340.3108 343.3720 0
340.9435 343.5564 0
341.5952 343.6260 0
334.5589 344.2072 r0
342.9137 344.8625 0
342.5117 345.5073 1
341.7996 345.7608 0
340.9820 347.8686 r0
346.0182 348.0338 0
348.4956 350.4343 0
348.7882 350.7664 0
348.9928 350.9756 0
350.0336 352.1491 0
349.8727 352.3253 0
349.9889 352.3342 0
350.8231 352.8410 0
345.9848 353.3857 r0
351.5068 353.7984 0
352.0360 354.3610 0
352.5330 354.9149 0
352.5176 355.1245 0
354.7854 357.1775 0
351.1884 358.0847 r0
356.8892 359.1209 0
357.5871 359.5207 0
357.7269 360.3642 0
358.9384 360.8957 0
355.3018 361.8049 r0
359.8242 361.8142 0
359.8475 362.1838 0
360.2690 362.6351 0
355.4501 362.8105 r0
359.8522 364.0680 1
362.1323 364.3400 0
362.3322 365.2639 1
363.3040 366.1723 0
360.6821 366.8516 1
364.8585 368.1253 0
364.4325 368.1658 0
362.1736 368.6733 r0
365.2743 368.7577 0
365.3902 368.8783 0
366.6123 369.0851 0
362.9534 369.9414 r0
363.4397 370.0935 r0
363.7892 370.2442 r0
368.4306 370.4358 0
369.0197 371.0624 0
368.9766 371.9420 0
363.8718 372.1685 r0
370.4911 372.4239 0
369.6288 373.1177 1
370.6243 373.1750 0
370.4767 373.3472 0
369.9189 373.7739 1
370.8424 374.5979 0
371.7686 374.8832 0
372.2721 375.2486 0
373.9912 375.8984 0
373.7327 376.0412 0
369.0550 376.0420 r0
369.8565 376.9149 r0
375.3757 377.5347 0
375.4936 378.2361 0
375.5410 378.5644 0
375.6073 378.6735 0
375.4664 379.4584 1
375.8103 379.5644 0
376.8968 379.8896 0
376.6603 380.1030 0
377.7893 380.7113 0
377.3161 380.8659 0
374.4680 381.2323 r0
374.4504 381.4193 r0
378.7374 382.0172 0
378.8031 382.0474 0
378.3866 382.0796 0
379.1383 382.7814 0
379.6493 383.1336 0
379.7132 383.8797 0
381.1860 384.2914 0
379.8228 384.4008 0
380.8996 384.5242 0
377.1105 385.3442 r0
381.6603 385.6341 0
382.1898 385.9671 0
381.7091 386.1136 0
384.1852 386.6038 0
384.0301 386.8580 0
383.9699 387.1386 0
384.4848 388.6773 0
384.8878 389.2122 0
385.9958 389.2524 0
386.3296 389.4194 0
388.0910 390.6543 0
389.6417 391.8963 0
384.3377 392.1119 r0
385.4837 393.0487 r0
392.0614 394.5990 0
392.7439 394.6866 0
389.9212 394.6969 1
392.7366 394.7072 0
393.1022 395.1160 0
393.4987 395.6613 0
393.5452 395.7193 0
393.8588 396.6831 0
393.6528 396.7637 0
394.4337 397.6769 0
393.8272 397.7158 0
396.2525 398.2869 0
397.2975 399.2581 0
398.0650 400.4895 0
400.6527 402.7069 0
399.3259 402.9900 1
400.5996 403.3365 0
401.2739 403.4146 0
401.7763 403.7765 0
401.7080 404.0538 0
396.9463 404.2776 r0
402.9568 405.2183 0
403.3094 405.6143 0
398.2382 405.7234 r0
403.4963 406.6773 0
405.5824 407.6554 0
406.8384 408.9924 0
407.0918 409.0324 0
407.1255 409.1071 0
407.1481 409.1871 0
405.7000 409.4652 1
406.7048 409.9315 1
406.9591 410.5666 1
403.7451 410.6097 r0
408.2617 410.6662 0
408.3138 410.9908 0
408.4631 411.6394 0
410.2704 412.2080 0
409.3611 413.0410 1
411.2002 413.1657 0
409.1892 413.9093 1
412.2006 414.3912 0
407.4460 414.4037 r0
411.4153 414.4635 1
412.8023 414.8332 0
413.2564 415.9559 0
414.6870 416.5882 0
414.9559 417.5591 0
414.6445 417.7401 1
411.2902 417.8872 r0
416.8166 418.7357 0
416.9262 419.0872 0
412.8676 419.5821 r0
418.0561 420.4125 0
418.3255 420.6546 0
418.0922 420.8605 0
418.3877 421.2948 0
418.8258 421.3585 0
415.4412 422.1070 r0
415.7213 422.4995 r0
420.4700 422.6443 0
420.7451 423.2897 0
420.2213 423.6877 1
422.0717 424.3895 0
422.5768 424.6451 0
422.5586 424.7034 0
422.9292 424.9790 0
418.0616 425.3971 r0
423.0080 426.1321 0
423.0341 427.2078 0
423.9280 427.4479 0
424.5775 427.7740 0
422.2846 428.6909 r0
424.8029 429.3865 0
426.1868 429.7856 0
425.7880 429.8316 1
426.2725 429.9125 0
428.2305 430.1812 0
429.3561 431.8041 0
430.0873 432.1714 0
424.0664 432.1882 r0
424.0634 432.3588 r0
429.9900 432.5853 0
430.5506 432.6125 0
430.2722 432.7591 0
430.4875 433.1978 0
424.6982 433.2617 r0
426.9743 433.6748 1
430.9567 433.9752 0
430.9646 434.5332 0
431.3358 434.6380 0
431.0059 434.7114 0
431.7945 435.0084 0
433.2687 435.4274 0
429.5904 435.8881 1
433.7452 436.1717 0
433.8841 436.4488 0
434.8341 436.7786 0
435.5185 437.4404 0
437.1743 439.2060 0
437.6361 439.9485 0
438.8602 441.0311 0
438.8813 441.0578 0
438.8889 441.2818 0
437.8406 441.4118 1
437.8939 441.9686 1
439.3649 442.2733 1
439.4800 442.3646 0
435.8727 442.6358 r0
440.2401 442.9323 0
439.9471 443.0842 0
441.1029 443.4472 0
439.3879 444.9184 1
437.8679 445.2733 r0
444.3954 446.4788 0
444.5664 446.8092 0
445.1837 447.7771 0
445.3523 447.8330 0
445.5620 447.9955 0
440.5850 448.3699 r0
447.2592 449.6415 0
447.7323 450.0697 0
448.4908 450.6531 0
448.1211 451.1904 0
449.8255 452.6273 0
451.4687 453.8172 0
450.7808 453.8933 1
452.0563 453.9774 0
452.1550 454.5603 0
452.4919 454.7239 0
452.8180 455.1073 0
453.1025 456.0580 0
448.7616 456.2754 r0
454.2230 456.3845 0
455.0271 457.1691 0
455.1075 457.2832 0
454.8938 457.6965 0
455.2659 457.7098 0
456.6440 459.4226 0
456.2183 459.5683 1
457.5612 460.1046 0
457.7755 460.1833 0
457.7774 460.4623 0
459.5409 462.2741 0
460.4036 462.6793 0
460.8185 462.7783 0
460.7325 462.7929 0
458.8894 462.9997 1
460.6337 463.9261 1
461.6932 464.8058 0
462.1862 465.2906 0
463.2016 465.3781 0
462.5473 465.5407 0
463.1561 466.2913 0
463.3954 467.0680 0
464.2808 467.4726 0
463.4358 467.8380 0
464.4491 468.2861 0
464.7448 468.5275 0
465.1315 468.6520 1
462.1260 469.2062 r0
467.1847 469.8364 0
467.4507 469.8680 0
467.5285 470.3137 0
468.8350 470.9055 0
468.3159 471.0898 0
468.6002 471.6734 1
464.0868 471.8402 r0
469.0044 471.9661 1
469.8364 472.3178 0
468.9034 472.5111 0
469.5663 472.9776 1
472.0542 474.0379 0
473.1749 475.2167 0
466.1969 475.2647 r0
473.1593 475.3469 0
473.4281 475.3675 0
473.8722 476.1704 0
473.5205 476.9788 1
476.3491 478.4763 0
477.5809 479.5404 0
478.1530 480.4525 0
473.2920 480.5734 r0
479.0775 481.3065 0
474.5715 481.9347 r0
480.1150 482.1008 0
479.3895 482.3640 1
480.6735 482.6487 0
480.6619 482.7841 0
475.7032 483.3738 r0
479.5189 483.7733 1
481.6910 484.2773 0
481.8121 484.4279 0
481.8503 484.9283 0
482.5190 485.0308 0
482.6520 485.8848 0
482.2186 486.2755 1
482.6980 486.3189 0
483.5708 486.4506 0
478.5072 486.7849 r0
481.1135 487.1719 1
483.6480 487.2581 0
483.9305 487.7127 0
485.6246 487.8528 0
485.6567 487.8887 0
485.7062 488.8109 0
484.8260 488.9615 1
486.9849 489.6997 0
487.4869 489.8410 0
482.0219 490.3267 r0
488.1761 490.5741 0
489.5530 492.4831 1
490.9343 492.8609 0
486.4364 493.7606 r0
492.1143 494.0839 0
486.3340 494.1491 r0
492.8601 494.9124 0
492.6967 494.9318 0
492.4666 495.4795 1
493.0463 495.8027 0
494.2979 496.9851 0
493.4061 496.9870 0
495.6803 498.0011 0
491.6324 498.0823 r0
495.3190 498.4211 1
495.9974 498.6816 0
492.2398 498.8902 r0
496.3285 498.9042 0
497.7209 499.7185 0
499.1523 501.1815 0
499.0432 501.4042 0
499.2953 501.7634 0
494.2749 501.8636 r0
495.5298 502.5978 r0
501.2158 503.1946 0
501.4606 503.4555 0
502.1910 504.5304 0
501.6722 504.5785 0
502.5474 505.3645 0
503.7956 505.8169 0
503.7336 506.4383 0
504.1530 506.9746 0
504.9136 507.2907 0
504.0973 507.4485 1
505.6242 507.6233 0
501.0390 508.1386 r0
506.0858 508.3255 0
504.6907 508.3866 1
506.3599 509.4171 0
508.6366 511.2380 0
508.1223 511.2846 0
510.3262 512.8820 0
510.4761 513.6600 0
510.5626 514.2145 0
512.8066 514.7782 0
512.9255 514.8878 0
511.7557 514.9010 0
508.3672 515.0034 r0
508.2302 515.0192 r0
509.6983 516.8096 r0
514.9938 517.2895 0
514.4264 517.2912 0
515.4618 517.7343 0
517.0256 519.1856 0
517.2361 519.3145 0
517.5932 520.4581 0
517.7155 520.4645 0
518.7031 520.7052 0
518.8235 520.7841 0
519.2814 521.1824 0
518.7177 521.7031 1
521.1151 523.3309 0
521.2730 523.6106 0
521.6462 523.9076 0
521.4549 524.0395 0
521.4255 524.6277 1
521.9109 524.6665 0
523.0054 526.1337 1
524.1837 526.5403 0
519.8735 527.0991 r0
525.8568 527.7638 0
524.4552 527.8538 1
525.1732 528.0199 0
526.0512 528.0218 0
525.7719 528.0659 0
525.3170 528.1977 0
526.5472 528.5472 0
524.1571 529.0871 1
528.1919 530.1974 0
526.7880 530.2088 1
528.4415 530.3641 0
528.1507 530.6599 0
528.2814 530.7354 0
527.1655 530.8198 0
528.7695 531.0236 0
529.5824 532.3913 0
529.3188 532.4318 0
530.6385 532.7357 0
529.7519 532.7701 0
530.8060 533.4600 0
531.1712 533.6802 0
532.2880 534.9859 0
532.4997 535.1367 0
534.1300 536.5826 0
534.6920 537.3304 0
535.1845 537.4868 0
535.7715 537.7309 0
534.8891 537.9604 0
536.6162 538.5439 0
531.2726 539.1981 r0
536.5353 539.5896 1
535.6304 539.6265 1
537.5631 539.7858 0
537.7538 540.9755 1
538.8745 541.1202 0
539.5533 541.6010 0
538.4463 542.2739 1
539.7377 542.7799 1
536.9230 544.0114 r0
541.3940 544.0987 0
542.1859 544.1882 0
542.1824 544.3825 0
537.6463 544.9895 r0
543.5671 545.8749 0
543.5375 546.0632 0
543.6636 546.1450 0
542.5770 546.6315 1
538.9040 546.7437 r0
544.3291 547.1552 0
539.5991 547.5207 r0
544.6803 547.6666 0
545.2835 548.0790 0
544.7909 548.1319 0
540.5869 548.1929 r0
544.7851 548.3873 0
545.8012 548.8526 0
545.8122 549.3215 0
543.3721 549.8891 r0
546.3514 550.3703 0
547.3832 550.3991 0
547.6362 550.8528 0
547.1320 551.2086 0
547.6669 552.0906 0
549.2969 552.3676 0
549.8784 552.7346 0
550.2959 552.9919 0
550.3212 553.5374 0
550.7173 553.9830 0
545.9523 554.8385 r0
551.3473 554.8846 0
552.5098 555.7866 0
554.0642 556.2658 0
553.9096 556.3883 0
554.3868 556.3939 0
555.1453 557.3314 0
555.9227 557.9434 0
556.1787 558.1710 0
555.8750 558.3163 0
556.5239 558.5298 0
556.5218 559.0512 0
552.2720 559.7202 r0
557.8237 560.4329 0
558.8243 560.7326 0
558.8408 561.0911 0
559.2214 561.1418 0
560.1668 562.1478 0
559.1599 562.3775 1
560.5455 562.6359 0
557.6470 563.1719 1
560.5443 563.4574 0
561.2663 564.3436 1
559.4521 564.7020 1
562.5144 564.9490 0
563.2962 565.8193 0
563.8792 565.9008 0
563.8683 566.5166 0
564.3217 566.7159 0
564.9190 566.8383 0
565.6286 568.0934 0
565.5402 568.5660 1
564.8042 569.2917 1
566.8755 569.4787 0
567.4814 569.6034 0
567.4608 569.7085 0
566.2224 569.7762 1
567.5484 570.0392 0
568.8908 571.7533 0
569.9817 572.3616 0
566.6468 573.0739 r0
570.6964 573.8215 1
571.9003 574.7643 0
574.0218 576.3748 0
574.1785 576.7901 0
574.2299 576.8124 0
574.6262 577.5674 0
575.4113 577.6912 0
575.3936 578.5746 0
575.5630 578.6959 0
575.8561 578.9002 0
571.5819 578.9035 r0
575.7653 579.0740 0
576.1117 579.5919 1
576.1391 579.6519 0
575.9282 580.3256 0
577.0472 580.7248 0
577.4193 581.3591 0
576.4324 581.5538 0
578.4167 581.6649 0
578.2614 582.0834 0
579.3000 582.6868 0
579.8397 582.7150 0
576.8080 582.8341 1
576.9966 583.4250 1
581.5214 584.1455 0
581.1463 584.6893 1
582.2920 584.7429 0
583.1602 585.3739 0
583.1045 586.1079 0
584.6087 586.6062 0
584.9961 587.1192 0
585.5431 587.4980 0
581.9294 588.3452 r0
586.5140 588.8717 0
586.9798 589.8839 1
583.1767 590.5985 r0
587.8775 590.8481 0
588.7923 590.8621 0
589.0245 592.0061 0
590.8901 592.8594 0
590.1134 592.9625 0
585.8546 593.5099 r0
592.5534 594.5647 0
592.0410 594.8161 0
588.1039 595.1950 r0
592.6976 595.2988 0
593.3668 595.9178 0
589.1485 595.9278 r0
594.3862 596.6916 0
589.3322 596.6979 r0
595.3129 597.5428 0
593.8025 597.6906 1
597.4389 599.4204 0
597.0028 600.0873 1
598.5452 601.0072 0
598.9823 601.1292 0
598.8903 601.5301 0
599.1806 601.6485 0
598.8081 601.9847 0
598.4458 602.0824 1
600.2413 602.9138 0
601.1115 604.2689 0
602.1480 604.3245 0
601.0756 604.5012 0
598.1532 604.6912 r0
602.5861 605.8339 0
603.6791 606.5415 0
604.5852 606.6567 0
604.4089 606.6585 0
600.4337 607.8192 r0
601.9740 608.0236 1
604.7577 608.3619 0
602.1930 608.7100 r0
606.3097 608.7465 0
605.9215 609.1554 0
605.0211 609.1935 1
608.2233 610.6809 0
608.5638 611.1309 0
608.6236 611.3457 0
603.0267 612.0407 r0
604.9526 612.5225 r0
611.4651 613.4659 0
606.2827 613.5301 r0
610.1236 613.6831 0
606.5805 614.2827 r0
612.7020 614.7066 0
613.1231 615.5351 0
611.3069 615.8514 1
613.2519 615.8717 0
611.5581 616.5036 1
614.9913 616.9530 0
614.9712 617.0575 0
608.6419 617.6926 r0
608.1809 617.7383 r0
615.9561 617.8994 0
616.2014 618.3920 0
615.3889 618.5790 0
616.1988 619.1329 0
616.7636 619.5157 0
617.9002 620.6586 0
619.5285 621.6771 0
619.3854 621.8756 0
620.6287 622.5924 0
620.8597 622.7768 0
620.4284 623.0240 0
621.4648 623.4025 0
621.7677 623.7072 0
621.8617 623.9302 0
622.1252 624.9300 0
623.0170 625.0989 0
623.6161 625.6822 0
623.2235 626.0622 0
624.3250 626.4143 0
624.7123 628.1325 1
626.1515 628.2342 0
628.0756 630.1310 0
628.5686 630.9352 0
629.1122 631.1782 0
625.8031 632.7964 r0
631.0115 633.2921 0
630.5686 633.5574 1
630.2562 633.9234 1
631.8350 634.1326 0
627.2736 634.8254 r0
632.5306 635.2591 0
631.1434 635.8554 1
629.0218 636.7685 r0
635.2088 637.4738 0
634.9416 637.8009 0
635.2125 637.8124 0
634.9308 637.8145 0
635.6239 638.7543 0
635.5452 639.3226 0
636.8144 639.8695 0
633.2390 639.8946 r0
637.8845 639.9435 0
633.6428 640.2955 r0
636.0616 640.4256 0
637.3072 640.8371 0
638.5416 641.2074 0
639.1002 641.2705 0
639.1496 642.1734 0
640.5422 642.5777 0
639.0058 642.9892 1
640.8478 643.2659 0
639.9255 643.3400 1
641.4288 644.0085 0
642.3766 644.6909 0
643.0527 645.2609 0
643.0170 645.2676 0
643.6952 645.7272 0
643.6645 646.1719 0
642.2190 646.2914 1
644.1571 646.5082 0
645.3478 647.2657 0
645.6598 647.9370 0
645.8058 648.0572 0
646.0054 648.7130 0
647.2602 650.1556 0
647.4910 650.1612 0
647.3025 650.5746 0
648.4000 651.1268 0
645.3813 651.8766 r0
648.5477 652.3059 0
649.0082 652.4371 0
646.4877 652.9356 r0
650.6183 653.3813 0
651.4901 653.8978 0
652.1757 654.4457 0
653.2968 655.2980 0
648.2495 655.3926 r0
652.4905 656.2021 1
653.5768 656.3362 0
654.3954 656.4010 0
652.4636 656.5244 1
654.0904 656.9640 0
648.5424 657.4007 r0
654.8004 657.5751 0
655.8691 657.9067 0
649.6375 658.9811 r0
656.3778 659.1083 0
657.1678 659.6305 0
657.1283 660.0152 0
658.1423 660.9224 0
658.7663 661.0626 0
658.9279 661.0668 0
658.9391 661.7147 0
658.9896 662.0052 0
659.2842 662.8781 0
659.8346 663.1751 0
661.2098 664.0987 0
661.6964 664.1440 0
660.1856 664.1535 0
660.3925 664.6078 0
658.2959 664.9060 r0
662.4404 665.1028 0
662.6704 665.4259 0
663.7062 666.1517 0
662.9252 666.5412 0
664.9799 667.3148 0
666.2878 668.3094 0
666.9603 668.9104 0
667.9067 670.1182 0
663.6980 670.6683 r0
669.2696 671.4929 0
664.9813 671.7073 r0
669.7485 671.7129 0
669.5794 671.7180 0
669.6629 672.1142 0
670.0054 673.5617 0
670.3256 673.8672 0
670.4029 674.5049 0
670.8992 674.9363 0
670.5635 675.2765 0
669.3110 675.8607 r0
674.1252 676.5247 0
674.2228 676.6115 0
674.4881 676.7869 0
669.7511 677.0199 r0
674.5931 677.0524 0
674.7879 677.3984 0
675.0671 677.9810 1
675.0653 678.6075 0
675.5191 678.7369 0
674.9700 678.8197 0
675.9832 678.9536 0
676.8541 679.5764 0
673.4425 679.9832 r0
677.7691 680.8330 0
677.0055 680.9431 0
677.8345 682.1372 0
678.8300 682.1955 0
679.2856 682.6052 1
679.0149 682.8176 0
679.4675 683.0394 0
675.5834 683.2225 r0
680.9074 683.8868 0
681.0404 684.2045 0
681.4373 685.1744 1
682.5675 685.4103 0
677.2523 686.2609 r0
683.3141 686.4229 0
678.4658 686.5128 r0
683.4232 687.6521 0
684.3611 687.8966 0
685.1818 688.4322 0
686.1152 689.0244 0
687.0201 689.2310 0
682.8657 689.8603 r0
687.0757 689.9236 0
687.3956 689.9344 0
682.6354 690.0439 r0
683.0658 690.3208 r0
683.1265 690.6143 r0
687.4240 691.5900 0
689.6368 692.1233 0
689.0814 692.1415 0
689.7628 692.1775 0
690.3871 692.2920 0
688.0662 693.3238 1
685.3525 694.0325 r0
691.9716 694.0607 0
692.0746 694.8957 0
689.5472 695.0411 1
692.6795 695.3032 0
693.5641 695.4711 0
693.9327 696.4778 0
694.7025 696.8076 0
691.1059 697.7833 r0
691.6638 699.2964 r0
697.4111 699.5069 0
697.0689 699.9957 0
697.6274 700.3893 0
698.3076 701.4291 0
699.1771 701.6554 0
699.0668 701.8853 0
699.4853 702.2676 0
700.2617 702.5920 0
695.7237 703.1732 r0
696.1442 703.5308 r0
700.9858 703.9246 1
701.5355 704.2311 0
702.6405 704.6979 0
702.2830 705.1172 0
701.6331 705.4020 1
698.8621 706.9739 r0
704.7060 707.4326 0
706.0079 707.9838 0
702.0002 708.5155 r0
706.3452 708.6961 0
706.9807 709.2559 0
707.5416 709.4579 0
710.4165 712.3913 0
710.1595 713.0635 1
711.5163 713.4516 0
711.6660 713.6462 0
710.6233 713.9114 1
713.1833 715.4744 0
713.3961 716.1407 0
713.2435 716.3067 0
709.6372 716.5170 r0
714.6635 717.0966 0
714.1268 717.3235 0
715.4265 717.5615 0
715.9334 718.2457 0
716.8402 719.2335 0
712.8595 719.6773 r0
719.0194 721.3277 0
716.0366 722.9571 r0
721.1404 723.6139 0
721.3646 724.3253 0
716.6557 724.3358 r0
721.8975 724.4758 0
716.7796 724.5740 r0
724.0720 726.0752 0
724.9318 727.0830 0
724.9956 727.2578 0
725.0774 727.2593 0
726.3198 728.4929 0
726.6352 728.5453 0
726.7512 728.9747 0
721.8089 729.1455 r0
727.0542 729.4577 0
727.3207 729.8852 0
727.6206 730.8099 1
727.5255 731.8514 1
729.0152 732.1995 1
730.4702 732.6143 0
730.9058 733.4831 0
732.1916 734.1966 0
733.9125 736.0982 0
734.0713 736.1294 0
734.0219 736.9057 0
730.4658 737.0156 r0
734.6381 737.8221 1
731.9809 738.9700 r0
736.5883 739.1143 0
737.4181 739.3655 0
737.1090 739.4134 0
737.1237 739.4377 0
737.6526 740.6902 1
735.2516 741.7225 r0
739.9948 741.9377 0
740.0486 742.1004 0
740.4305 742.6064 0
741.1635 744.1325 0
738.0278 744.5660 r0
743.5769 745.6899 0
743.2486 745.7384 0
743.6236 745.9031 0
742.9080 745.9314 0
743.4446 746.0956 0
744.1422 746.5662 0
744.3358 747.6507 0
744.3120 747.7680 0
744.3559 748.0017 0
745.1475 748.1315 0
745.5768 748.6177 0
744.5163 748.8913 0
745.5800 749.5539 0
745.6422 750.1780 0
745.8808 750.6233 0
745.8510 750.7122 0
746.9226 750.8322 0
746.5375 751.5906 0
747.6301 752.0214 0
751.5659 753.8080 0
752.0239 754.0820 0
752.4700 754.7964 0
753.9196 756.4129 0
753.9904 756.6710 0
754.8955 757.5553 0
754.5205 757.6324 0
754.4178 757.7982 1
755.7539 757.8589 0
751.2528 758.1731 r0
756.1541 758.3174 0
756.0687 758.5568 0
756.8337 758.9714 0
757.7433 759.6748 0
756.2960 759.7470 1
757.9878 760.9476 0
758.5382 761.5122 0
759.1589 761.5391 0
759.1693 761.8729 0
760.6593 762.7746 0
757.9037 762.9566 1
762.9342 764.9544 0
762.7492 765.8289 1
764.0804 766.0933 0
763.7510 766.3185 0
765.1881 767.3898 0
765.2636 767.5210 0
765.0276 767.8331 0
766.2253 768.1580 0
766.5768 769.5551 0
766.9761 769.8326 0
766.6479 770.5583 0
767.7781 771.3839 0
768.1477 771.7797 0
769.5084 772.4748 0
769.7222 773.0865 0
766.2121 773.2454 r0
770.4550 773.2574 0
770.6066 773.4197 0
771.1316 773.5754 0
767.0401 774.8478 r0
767.6131 775.4479 r0
773.5047 775.4947 0
771.9753 775.6284 0
772.9807 775.6684 0
772.7601 776.6514 1
776.1043 778.3160 0
767.7800 778.5444 1
771.5824 778.6877 r0
771.9200 779.0720 r0
776.9067 779.6052 0
777.2309 779.6116 0
777.0544 780.2442 0
778.0015 780.4217 0
777.7530 780.6135 0
773.8664 781.0944 r0
774.6479 781.8799 r0
780.3771 782.4257 0
775.8687 783.2319 r0
780.6392 783.5298 0
780.8231 783.5596 0
782.2715 784.5136 0
782.5658 785.1112 0
782.5198 785.1955 0
782.5839 785.4854 0
782.7829 785.5398 0
778.7605 786.0614 r0
782.9060 786.5201 0
783.5728 786.9639 1
783.4060 787.1014 0
783.3236 787.4703 0
784.0450 787.5119 0
783.8572 788.0297 0
783.4262 788.0423 0
782.2577 788.6694 r0
784.4355 788.8354 0
784.5836 789.5189 0
785.2135 789.6221 0
786.2239 790.0463 0
787.5427 791.0764 0
787.5643 791.2144 0
788.2582 791.8720 0
788.8243 791.8795 1
789.9520 792.0658 0
790.5188 792.5652 0
788.6027 792.6573 1
788.8811 792.6589 1
791.3457 794.1447 0
792.2900 794.6861 0
792.5879 794.8774 0
786.5290 794.8828 r0
792.7249 795.0684 0
793.2962 796.1418 0
793.3405 796.7130 0
794.9335 796.8795 0
794.2049 797.0928 0
793.7593 797.3352 1
795.1718 797.7852 0
791.3723 798.0468 r0
790.9277 798.1376 r0
796.0127 798.6853 0
796.6951 799.1631 0
796.3892 799.2630 0
796.7017 799.4846 0
797.0009 800.1218 0
798.0448 801.5881 0
798.3845 801.6057 0
799.7074 801.7846 0
799.3689 802.2427 0
796.2675 802.8242 r0
799.7851 803.1041 0
800.1617 803.6420 0
800.5786 803.9283 0
800.4645 804.2632 0
801.4025 804.4058 0
797.5487 805.4842 r0
803.0910 805.6564 0
804.1474 806.3347 0
799.9255 808.5025 r0
805.8560 808.8966 0
806.2703 809.2758 0
807.0458 809.2856 0
807.2713 809.3246 0
801.9910 810.4344 r0
808.6040 811.2026 0
808.6136 811.5387 0
810.0430 811.9561 0
809.9263 812.1806 0
809.6784 812.8567 0
811.3908 813.3702 0
810.3496 813.4495 1
811.5767 813.6883 0
810.7064 813.6936 1
807.6314 814.1723 r0
812.7810 815.4111 0
815.3602 817.2793 0
815.1718 817.6401 0
810.7807 817.6586 r0
817.3015 819.3159 0
818.2518 820.5045 0
818.8333 820.8281 0
818.1228 821.2281 1
819.3169 822.3029 0
822.3167 824.7111 0
823.4021 825.4350 0
818.6673 825.9967 r0
824.1823 826.1745 0
824.3873 826.3328 0
823.9844 826.4220 0
819.7774 826.5149 r0
824.4016 826.6526 0
823.7431 826.7652 0
824.8224 828.2430 0
825.3193 828.7665 0
824.8598 828.8830 0
827.6050 829.6132 0
827.5086 829.9284 0
828.3538 830.2909 0
828.4213 830.4222 0
829.0256 831.0883 0
831.0813 833.0525 0
829.5589 833.0571 1
830.3548 833.0795 0
831.3930 833.4909 0
831.1577 833.8883 0
831.5182 834.5136 0
832.4494 834.7383 0
832.8246 834.9930 0
829.0936 836.3990 r0
825.4867 837.0336 1
834.1672 837.1132 0
835.2841 837.5057 0
834.2732 837.5178 1
835.8630 837.7910 0
835.8968 838.1274 0
835.4806 838.1562 0
835.9422 839.6012 0
837.2547 840.0773 0
836.9012 840.1555 0
836.2713 840.6679 0
839.9444 841.9054 0
838.5274 842.1173 0
839.9489 842.2592 0
835.8256 842.3621 r0
840.1981 842.4015 0
840.1997 843.1065 0
841.4470 843.4089 0
841.4669 844.3359 0
842.9074 844.9055 0
842.3946 845.1302 0
837.7874 845.6105 r0
846.4245 848.8930 0
847.0348 849.1213 0
843.7534 850.4410 r0
846.7059 850.7407 1
847.9952 850.8763 0
848.9197 850.9514 0
850.1894 852.1789 0
844.5765 852.1851 r0
850.0131 852.7946 0
849.7918 852.8261 0
846.6325 853.4009 r0
851.6538 854.4107 0
852.4982 854.7384 0
852.6550 855.0542 0
852.5700 855.3741 0
848.7203 855.7206 r0
853.9596 856.4615 0
854.6871 856.8744 0
855.0465 857.0526 0
855.3428 857.3761 0
857.8475 859.8614 0
855.4364 860.0214 1
857.2584 860.1054 0
853.8851 860.3146 r0
858.7191 860.6378 0
859.0314 861.1841 0
858.7379 861.6649 0
861.5006 864.3612 0
861.5083 864.5267 0
862.7194 864.6499 0
862.4960 864.9784 0
862.3344 865.2159 0
864.0337 865.9371 0
862.5108 868.1245 1
865.3622 868.2637 0
865.2630 868.3052 0
865.9700 868.3465 0
865.3833 870.0190 1
868.0338 870.2010 0
867.6127 870.3425 0
868.2595 870.4829 0
868.3250 871.0384 0
868.4939 871.3022 0
868.2407 871.3945 0
868.5823 871.6424 1
864.6680 871.8341 r0
868.5035 872.0679 1
868.8750 872.2142 0
868.9869 872.3457 0
870.2263 872.9575 0
869.1428 873.3455 0
865.7944 874.3122 r0
870.3449 874.3213 0
871.7936 874.7830 0
866.2000 875.0137 r0
871.5735 875.1301 0
872.0475 875.3431 0
872.4602 875.3770 0
872.6092 875.8243 1
873.2402 876.6032 0
873.3975 877.0629 0
873.5314 877.2931 0
874.0457 877.3132 0
874.2787 877.4224 0
874.5088 877.6166 1
873.3945 877.6604 0
874.4615 878.6284 0
871.3591 878.8502 r0
874.5432 879.1214 0
876.3218 879.3718 0
875.0981 879.4037 0
876.3923 879.5691 0
877.2652 880.5489 0
877.4232 881.1601 0
881.2895 883.2582 0
880.9616 883.3109 0
881.8046 883.9460 0
877.1806 884.4490 r0
881.8343 884.4755 0
881.6759 884.5098 0
882.1019 885.0404 1
882.0263 885.2902 0
883.4905 885.8764 0
883.2843 886.1958 0
883.6873 886.6072 0
880.3198 886.9068 r0
884.3098 887.3804 0
885.1230 887.8564 0
885.2972 888.5562 0
886.4371 889.0079 0
885.9094 889.4744 0
881.8396 889.7038 r0
886.5079 890.3126 1
888.3484 890.4669 0
889.3619 892.1107 0
890.9855 893.0874 0
891.5117 893.5178 0
885.4725 893.6133 r0
886.6291 894.1987 r0
891.5351 894.3684 0
887.5897 894.3778 r0
891.8591 895.4972 0
891.8109 895.5456 0
888.5055 895.5898 r0
892.6675 895.8778 0
890.3513 897.5429 r0
890.7563 897.6293 r0
895.5411 897.6466 0
894.5406 897.6990 0
895.7711 897.7031 0
896.1443 898.0554 0
895.1053 898.2355 0
891.6424 899.1240 r0
897.5739 899.5995 0
897.6086 899.6221 0
897.5515 899.9815 0
897.8384 900.5142 0
895.8217 900.7167 1
899.2486 901.4358 0
899.7603 902.2696 0
899.6144 902.6594 0
901.2745 903.2517 0
896.3901 903.8134 r0
901.0796 904.6322 1
902.5755 906.0119 1
904.9159 907.5642 0
901.9077 908.8323 r0
906.2879 908.9572 0
906.0465 908.9928 0
907.6097 909.5194 0
908.2957 910.9431 0
908.4102 911.0884 0
909.4773 911.5851 0
909.5904 911.7636 0
909.3315 912.3705 0
906.4789 912.9363 r0
906.1535 913.7386 r0
909.8327 913.8605 0
912.6333 914.7035 0
912.5287 914.7445 0
912.5096 915.4168 1
908.7970 915.6394 r0
913.7974 916.2279 0
915.1929 917.3126 0
914.3397 917.4508 1
914.9744 917.4980 0
915.8135 918.1192 0
915.5592 918.7956 1
915.6748 918.8254 0
917.2072 919.3858 0
913.2612 920.2826 r0
918.1467 920.3553 0
918.3182 920.5822 0
918.6943 920.6014 0
919.5215 921.5424 0
918.8005 921.6822 0
918.9630 921.9178 0
919.6871 922.5322 0
920.1141 922.6180 0
916.2730 922.9172 r0
920.0157 922.9547 0
919.5746 923.5156 1
921.2048 923.7409 0
921.3635 923.9019 0
921.4011 924.0764 0
923.0264 924.9999 0
924.1136 926.6633 0
924.6185 927.1245 0
925.2441 927.8004 0
925.5532 928.1999 0
926.6526 929.2152 0
927.2402 929.4335 0
927.7773 929.8800 0
927.8902 930.6381 0
928.8334 931.5090 0
928.4533 931.5204 0
929.3580 932.1444 0
930.0263 932.3440 0
931.2655 933.3555 0
932.0335 934.0707 0
932.2956 934.2171 0
931.5189 934.3863 0
933.0213 935.1082 0
928.7516 935.9351 r0
934.0786 936.6432 0
935.0040 936.9115 0
933.6264 937.1871 1
934.7348 937.4261 0
935.8645 938.5102 0
936.3723 938.6440 0
936.9542 939.1727 0
937.8137 940.3150 0
938.3822 940.7994 0
933.2341 940.8314 r0
938.3227 941.1937 0
937.5804 942.2460 1
941.0053 942.9493 0
940.8301 943.1853 0
941.0977 944.2290 1
942.1870 944.2525 0
942.7783 945.1935 0
943.6637 946.2367 0
944.8756 946.8759 0
940.5376 947.0348 r0
945.4750 947.3949 0
944.8226 947.8775 0
946.0300 948.4081 0
946.4255 948.8402 0
947.3331 949.9933 0
947.7612 950.5781 0
947.6772 950.7955 0
948.2966 950.8453 0
948.5772 951.0381 0
948.0285 951.6180 0
948.9115 952.1927 0
950.2356 952.6787 0
945.6378 952.7246 r0
945.6751 952.7778 r0
950.7831 953.4625 0
950.4136 953.9574 0
952.6663 955.1382 0
953.1988 956.5148 1
954.3684 957.0007 0
955.5972 957.5743 0
955.9354 957.8916 0
955.1797 958.1953 0
955.2891 958.4817 0
952.4981 959.2550 r0
957.4647 959.6178 0
956.9128 959.7291 0
957.4783 960.2422 0
958.0407 961.0215 0
958.2377 961.1199 0
958.0724 961.7208 1
958.3751 962.0226 0
958.8068 962.0538 0
959.1705 962.9277 0
960.4193 963.1330 0
960.1396 963.3122 0
959.6838 963.4890 0
957.1502 963.5775 r0
961.8737 963.9605 0
960.5111 964.0298 0
960.5879 964.2964 1
960.6883 964.8316 1
950.2776 965.2603 1
963.1600 965.4536 0
962.5792 965.6334 0
962.4575 966.0645 0
963.3659 966.3479 0
964.1203 966.6184 0
963.5439 966.7517 0
963.1075 966.9026 1
965.1277 967.4664 0
965.6926 968.5522 0
965.6208 968.5817 0
965.6134 968.6255 0
965.8426 968.9953 0
967.2007 971.0858 0
967.5203 971.2989 0
969.4322 971.4543 0
965.1381 972.5249 r0
970.7092 973.3868 0
965.8968 974.4572 r0
972.2305 974.7417 0
968.5475 975.3201 r0
967.7498 975.5066 r0
974.4288 976.3784 0
975.1562 977.5716 0
975.4969 978.5675 0
976.8504 978.8795 0
977.1399 979.0829 0
972.3915 979.3456 r0
978.1205 980.5014 0
978.6256 980.7943 0
973.7869 980.8070 r0
981.0968 983.7601 0
982.0794 984.0143 0
983.5951 985.9256 0
981.2210 986.3639 1
985.3199 987.9871 0
986.7892 989.0805 0
985.8456 989.5399 1
988.3753 990.4334 0
989.0677 990.9812 0
988.9097 991.4815 0
988.8067 991.8132 0
990.0326 991.9660 0
989.1129 992.0960 0
990.0401 992.3424 0
990.5630 992.8822 0
990.7499 993.5261 0
992.1827 994.1492 0
993.5786 995.5678 0
993.7246 995.8474 0
994.9172 997.1413 0
994.7870 997.2568 0
994.5143 997.3209 0
995.7559 998.0819 0
996.3402 998.2652 0
995.8132 998.5991 0
997.3264 999.5445 0
997.0040 999.7397 0
996.9595 1000.2839 0
993.0967 1000.5740 r0
998.7001 1000.6964 0
998.7183 1001.0144 0
998.2383 1001.3110 0
998.8094 1001.7388 0
999.8064 1001.8469 0
999.9866 1003.1236 0
